Area [m^2]
   0.00 
   1.25 
   2.00 
   3.00 
   3.75 
   4.25 
   5.50 
   6.00 
   7.25 
   7.75 
   9.00 
  10.00 
  11.75 
  12.75 
  15.00 
  16.00 
  17.25 
  19.75 
  21.00 
  24.00 
  25.25 
  28.75 
  31.00 
  34.00 
  37.50 
  40.25 
  44.25 
  46.75 
  51.50 
  53.50 
  59.25 
  61.00 
  67.00 
  69.00 
  74.75 
  78.00 
  83.50 
  86.50 
  92.25 
  95.75 
 101.75 
 106.25 
 115.00 
 118.75 
 127.25 
 132.00 
 139.50 
 145.25 
 153.25 
 159.00 
 168.00 
 174.00 
 182.50 
 188.25 
 197.75 
 203.00 
 212.75 
 218.50 
 228.00 
 235.00 
 242.50 
 252.50 
 264.50 
 272.00 
 285.00 
 295.25 
 306.75 
 317.75 
 330.25 
 340.25 
 353.75 
 363.50 
 377.00 
 388.00 
 400.75 
 412.25 
 426.00 
 436.50 
 450.25 
 460.75 
 473.00 
 482.75 
 492.25 
 503.25 
 511.50 
 522.25 
 531.75 
 541.00 
 549.50 
 559.50 
 567.75 
 577.50 
 585.25 
 595.00 
 604.00 
 612.75 
 621.00 
 629.00 
 639.25 
 645.50 
 654.25 
 673.75 
 688.00 
 705.75 
 723.00 
 740.75 
 757.75 
 776.00 
 795.75 
 812.75 
 833.25 
 853.75 
 870.25 
 890.50 
 911.75 
 929.75 
 950.00 
 971.25 
 991.50 
1010.25 
1031.75 
1047.25 
1064.25 
1082.75 
1100.50 
1119.25 
1135.50 
1155.00 
1174.00 
1192.00 
1212.00 
1231.25 
1249.75 
1269.25 
1289.00 
1308.50 
1328.75 
1350.50 
1370.75 
1392.50 
1412.25 
1428.75 
1446.25 
1461.50 
1478.00 
1496.25 
1510.75 
1529.75 
1548.50 
1566.25 
1583.00 
1601.75 
1618.00 
1637.50 
1654.25 
1670.75 
1692.25 
1709.25 
1730.75 
1751.50 
1769.00 
1787.75 
1804.75 
1819.75 
1837.00 
1855.00 
1871.25 
1891.00 
1906.00 
1925.25 
1940.75 
1960.75 
1977.00 
1992.75 
2013.50 
2029.00 
2049.50 
2063.75 
2082.50 
2101.25 
2118.50 
2137.00 
2155.00 
2171.50 
2191.00 
2208.00 
2225.50 
2241.75 
2258.50 
2275.50 
2293.75 
2313.00 
2332.25 
2348.25 
2366.25 
2384.50 
2401.75 
2419.75 
2437.25 
2453.00 
2471.25 
2491.25 
2507.75 
2526.00 
2547.50 
2565.25 
2585.75 
2603.25 
2621.75 
2639.25 
2658.00 
2674.00 
2693.50 
2710.00 
2731.75 
2747.25 
2766.00 
2786.25 
2802.75 
2821.75 
2840.00 
2857.50 
2878.25 
2896.25 
2914.25 
2933.50 
2952.00 
2972.00 
2989.25 
3009.25 
3027.50 
3045.25 
3063.75 
3080.75 
3099.00 
3117.00 
3134.00 
3152.75 
3170.50 
3191.50 
3209.00 
3229.75 
3249.75 
3269.50 
3288.25 
3308.25 
3326.25 
3349.75 
3368.50 
3390.75 
3410.25 
3429.50 
3449.00 
3469.00 
3489.75 
3510.50 
3531.50 
3549.50 
3570.50 
3586.75 
3608.50 
3628.00 
3648.00 
3668.25 
3689.25 
3709.50 
3729.25 
3749.50 
3772.75 
3792.50 
3810.50 
3833.00 
3851.75 
3870.75 
3894.00 
3915.75 
3937.00 
3957.50 
3977.75 
3999.25 
4016.75 
4037.50 
4056.75 
4080.00 
4097.75 
4122.25 
4139.25 
4159.50 
4179.50 
4200.25 
4222.50 
4246.50 
4265.25 
4286.50 
4305.75 
4327.75 
4347.50 
4367.25 
4387.25 
4409.50 
4429.00 
4447.50 
4467.00 
4487.75 
4506.25 
4524.75 
4542.25 
4563.00 
4580.50 
4603.50 
4620.00 
4640.00 
4658.00 
4677.00 
4694.00 
4713.50 
4733.50 
4755.75 
4771.75 
4793.50 
4808.50 
4828.00 
4842.00 
4863.75 
4878.25 
4896.75 
4913.50 
4931.75 
4947.50 
4965.50 
4982.75 
4999.00 
5018.25 
5035.25 
5053.25 
5071.75 
5086.50 
5106.00 
5123.00 
5139.75 
5157.00 
5174.75 
5190.75 
5210.25 
5225.75 
5244.00 
5259.25 
5277.75 
5294.50 
5313.00 
5329.25 
5349.00 
5364.00 
5382.50 
5398.00 
5418.50 
5432.50 
5454.75 
5468.00 
5488.50 
5504.25 
5522.75 
5540.75 
5559.25 
5575.75 
5592.50 
5610.75 
5628.50 
5648.00 
5666.25 
5685.25 
5702.25 
5720.00 
5738.50 
5755.50 
5773.50 
5789.50 
5809.00 
5826.75 
5845.25 
5863.75 
5882.25 
5900.00 
5918.25 
5936.75 
5954.25 
5973.50 
5991.25 
6009.00 
6026.00 
6044.25 
6061.50 
6080.50 
6094.50 
6113.50 
6128.75 
6146.00 
6161.00 
6179.00 
6193.50 
6210.75 
6225.50 
6244.25 
6257.50 
6276.50 
6290.25 
6310.25 
6325.50 
6343.25 
6359.50 
6376.75 
6391.25 
6405.50 
6419.00 
6434.25 
6448.00 
6460.75 
6474.50 
6488.25 
6502.75 
6516.00 
6528.25 
6539.75 
6553.75 
6565.50 
6579.75 
6589.75 
6603.50 
6614.50 
6625.50 
6637.00 
6651.00 
6659.75 
6671.75 
6680.00 
6693.25 
6701.50 
6716.50 
6724.00 
6736.50 
6744.75 
6756.00 
6765.00 
6774.25 
6784.25 
6792.00 
6800.75 
6809.25 
6816.50 
6824.25 
6832.25 
6839.50 
6847.75 
6854.75 
6863.25 
6870.00 
6877.00 
6884.00 
6892.75 
6898.75 
6905.25 
6912.00 
6919.00 
6924.75 
6931.00 
6938.00 
6943.75 
6949.25 
6956.25 
6962.00 
6968.25 
6974.00 
6980.00 
6985.25 
6991.75 
6996.75 
7005.25 
7008.75 
7017.25 
7020.00 
7029.25 
