Radius [m]
   0.00 
   0.63 
   0.80 
   0.98 
   1.09 
   1.16 
   1.32 
   1.38 
   1.52 
   1.57 
   1.69 
   1.78 
   1.93 
   2.01 
   2.19 
   2.26 
   2.34 
   2.51 
   2.59 
   2.76 
   2.84 
   3.03 
   3.14 
   3.29 
   3.45 
   3.58 
   3.75 
   3.86 
   4.05 
   4.13 
   4.34 
   4.41 
   4.62 
   4.69 
   4.88 
   4.98 
   5.16 
   5.25 
   5.42 
   5.52 
   5.69 
   5.82 
   6.05 
   6.15 
   6.36 
   6.48 
   6.66 
   6.80 
   6.98 
   7.11 
   7.31 
   7.44 
   7.62 
   7.74 
   7.93 
   8.04 
   8.23 
   8.34 
   8.52 
   8.65 
   8.79 
   8.97 
   9.18 
   9.30 
   9.52 
   9.69 
   9.88 
  10.06 
  10.25 
  10.41 
  10.61 
  10.76 
  10.95 
  11.11 
  11.29 
  11.46 
  11.64 
  11.79 
  11.97 
  12.11 
  12.27 
  12.40 
  12.52 
  12.66 
  12.76 
  12.89 
  13.01 
  13.12 
  13.23 
  13.35 
  13.44 
  13.56 
  13.65 
  13.76 
  13.87 
  13.97 
  14.06 
  14.15 
  14.26 
  14.33 
  14.43 
  14.64 
  14.80 
  14.99 
  15.17 
  15.36 
  15.53 
  15.72 
  15.92 
  16.08 
  16.29 
  16.49 
  16.64 
  16.84 
  17.04 
  17.20 
  17.39 
  17.58 
  17.77 
  17.93 
  18.12 
  18.26 
  18.41 
  18.56 
  18.72 
  18.88 
  19.01 
  19.17 
  19.33 
  19.48 
  19.64 
  19.80 
  19.95 
  20.10 
  20.26 
  20.41 
  20.57 
  20.73 
  20.89 
  21.05 
  21.20 
  21.33 
  21.46 
  21.57 
  21.69 
  21.82 
  21.93 
  22.07 
  22.20 
  22.33 
  22.45 
  22.58 
  22.69 
  22.83 
  22.95 
  23.06 
  23.21 
  23.33 
  23.47 
  23.61 
  23.73 
  23.85 
  23.97 
  24.07 
  24.18 
  24.30 
  24.41 
  24.53 
  24.63 
  24.76 
  24.85 
  24.98 
  25.09 
  25.19 
  25.32 
  25.41 
  25.54 
  25.63 
  25.75 
  25.86 
  25.97 
  26.08 
  26.19 
  26.29 
  26.41 
  26.51 
  26.62 
  26.71 
  26.81 
  26.91 
  27.02 
  27.13 
  27.25 
  27.34 
  27.44 
  27.55 
  27.65 
  27.75 
  27.85 
  27.94 
  28.05 
  28.16 
  28.25 
  28.36 
  28.48 
  28.58 
  28.69 
  28.79 
  28.89 
  28.98 
  29.09 
  29.17 
  29.28 
  29.37 
  29.49 
  29.57 
  29.67 
  29.78 
  29.87 
  29.97 
  30.07 
  30.16 
  30.27 
  30.36 
  30.46 
  30.56 
  30.65 
  30.76 
  30.85 
  30.95 
  31.04 
  31.13 
  31.23 
  31.32 
  31.41 
  31.50 
  31.58 
  31.68 
  31.77 
  31.87 
  31.96 
  32.06 
  32.16 
  32.26 
  32.35 
  32.45 
  32.54 
  32.65 
  32.74 
  32.85 
  32.95 
  33.04 
  33.13 
  33.23 
  33.33 
  33.43 
  33.53 
  33.61 
  33.71 
  33.79 
  33.89 
  33.98 
  34.08 
  34.17 
  34.27 
  34.36 
  34.45 
  34.55 
  34.65 
  34.74 
  34.83 
  34.93 
  35.01 
  35.10 
  35.21 
  35.30 
  35.40 
  35.49 
  35.58 
  35.68 
  35.76 
  35.85 
  35.93 
  36.04 
  36.12 
  36.22 
  36.30 
  36.39 
  36.47 
  36.56 
  36.66 
  36.77 
  36.85 
  36.94 
  37.02 
  37.12 
  37.20 
  37.28 
  37.37 
  37.46 
  37.55 
  37.63 
  37.71 
  37.80 
  37.87 
  37.95 
  38.02 
  38.11 
  38.18 
  38.28 
  38.35 
  38.43 
  38.51 
  38.58 
  38.65 
  38.73 
  38.82 
  38.91 
  38.97 
  39.06 
  39.12 
  39.20 
  39.26 
  39.35 
  39.41 
  39.48 
  39.55 
  39.62 
  39.68 
  39.76 
  39.83 
  39.89 
  39.97 
  40.03 
  40.11 
  40.18 
  40.24 
  40.31 
  40.38 
  40.45 
  40.52 
  40.59 
  40.65 
  40.72 
  40.78 
  40.86 
  40.92 
  40.99 
  41.05 
  41.12 
  41.19 
  41.26 
  41.32 
  41.39 
  41.45 
  41.53 
  41.58 
  41.67 
  41.72 
  41.80 
  41.86 
  41.93 
  42.00 
  42.07 
  42.13 
  42.19 
  42.26 
  42.33 
  42.40 
  42.47 
  42.54 
  42.60 
  42.67 
  42.74 
  42.80 
  42.87 
  42.93 
  43.00 
  43.07 
  43.13 
  43.20 
  43.27 
  43.34 
  43.40 
  43.47 
  43.54 
  43.61 
  43.67 
  43.73 
  43.80 
  43.86 
  43.93 
  43.99 
  44.04 
  44.11 
  44.17 
  44.23 
  44.28 
  44.35 
  44.40 
  44.46 
  44.52 
  44.58 
  44.63 
  44.70 
  44.75 
  44.82 
  44.87 
  44.93 
  44.99 
  45.05 
  45.10 
  45.15 
  45.20 
  45.26 
  45.30 
  45.35 
  45.40 
  45.45 
  45.50 
  45.54 
  45.59 
  45.63 
  45.67 
  45.72 
  45.76 
  45.80 
  45.85 
  45.89 
  45.92 
  45.96 
  46.01 
  46.04 
  46.08 
  46.11 
  46.16 
  46.19 
  46.24 
  46.26 
  46.31 
  46.33 
  46.37 
  46.40 
  46.44 
  46.47 
  46.50 
  46.53 
  46.56 
  46.58 
  46.61 
  46.63 
  46.66 
  46.69 
  46.71 
  46.74 
  46.76 
  46.79 
  46.81 
  46.84 
  46.86 
  46.88 
  46.91 
  46.93 
  46.95 
  46.97 
  46.99 
  47.01 
  47.03 
  47.06 
  47.08 
  47.10 
  47.12 
  47.14 
  47.15 
  47.18 
  47.19 
  47.22 
  47.23 
  47.26 
  47.27 
  47.30 
